1.551984399557113647e-01
-1.481862813234329224e-01
-3.710195720195770264e-01
-3.764919191598892212e-02
-2.716628909111022949e-01
6.151040270924568176e-02
1.457095146179199219e-01
-1.650913506746292114e-01
-6.681290268898010254e-02
-1.666640676558017731e-02
5.929517559707164764e-03
2.098177932202816010e-02
-1.540023833513259888e-01
5.881620571017265320e-02
-4.670843183994293213e-01
6.793386489152908325e-02
1.353971287608146667e-02
4.101348519325256348e-01
6.179023534059524536e-02
7.043240126222372055e-03
6.623305380344390869e-03
-1.511439830064773560e-01
1.549411751329898834e-02
-5.264621600508689880e-02
1.292443275451660156e-01
-9.358724206686019897e-02
-1.055565327405929565e-01
-2.068969979882240295e-02
-1.420632749795913696e-01
-3.281083405017852783e-01
-2.219884991645812988e-01
3.102654404938220978e-02
-1.959725916385650635e-01
1.255449056625366211e-01
-2.845801711082458496e-01
-2.569408118724822998e-01
7.558012846857309341e-03
-1.710036545991897583e-01
1.834798157215118408e-01
-1.716970652341842651e-02
2.009973488748073578e-02
9.993594139814376831e-02
-1.491770241409540176e-02
-1.091278530657291412e-02
-3.314667940139770508e-02
-9.740100800991058350e-02
-4.095771163702011108e-02
-6.611383706331253052e-02
-1.347413361072540283e-01
3.545523881912231445e-01
-7.308445125818252563e-02
-7.559649646282196045e-02
1.413757801055908203e-01
-6.121689453721046448e-02
1.010804995894432068e-01
-4.670834168791770935e-02
-3.285361528396606445e-01
1.307665463536977768e-02
1.140328943729400635e-01
-1.439765989780426025e-01
-5.306210741400718689e-02
2.574789710342884064e-02
-9.224019199609756470e-02
-2.272191792726516724e-01
-2.136115282773971558e-01
-1.425401270389556885e-01
-1.658692210912704468e-01
-4.246484115719795227e-02
1.055984664708375931e-02
-8.110252767801284790e-02
-8.692137897014617920e-02
-2.233006656169891357e-01
2.819912694394588470e-02
-7.265396416187286377e-02
7.353003323078155518e-02
7.715035974979400635e-02
5.921559408307075500e-02
-2.910447120666503906e-02
-2.726185023784637451e-01
3.318311572074890137e-01
-5.211910977959632874e-02
-3.456294238567352295e-01
-1.002246662974357605e-01
8.813787251710891724e-02
-1.001721397042274475e-01
3.537951111793518066e-01
-4.020569026470184326e-01
-3.677450492978096008e-02
-2.744349837303161621e-01
-8.584815263748168945e-02
-6.561099737882614136e-02
7.332772656809538603e-05
1.756158322095870972e-01
-2.730184793472290039e-01
1.202999241650104523e-02
-1.057581417262554169e-02
1.074385195970535278e-01
4.002700150012969971e-01
-2.416225969791412354e-01
-2.220115251839160919e-02
