2.568364739418029785e-01
-9.459532797336578369e-03
5.385512709617614746e-01
9.084741771221160889e-02
-2.990882471203804016e-02
-1.603575795888900757e-01
3.932819515466690063e-02
1.567095667123794556e-01
2.809573113918304443e-01
6.509307771921157837e-02
7.491175085306167603e-03
3.718313276767730713e-01
3.873624373227357864e-03
2.853652536869049072e-01
1.701494157314300537e-01
-2.599557861685752869e-03
-2.516765147447586060e-02
-2.389743775129318237e-01
5.320410132408142090e-01
1.461471170186996460e-01
-5.644344724714756012e-03
1.081643924117088318e-01
-1.418831795454025269e-01
1.451065242290496826e-01
2.150664031505584717e-01
-1.687064319849014282e-01
2.687682770192623138e-02
-1.382466312497854233e-02
1.497987210750579834e-01
5.275295674800872803e-02
4.044910371303558350e-01
-6.134341657161712646e-02
1.377731263637542725e-01
1.097223833203315735e-01
-3.339620307087898254e-02
6.388140469789505005e-02
1.631312519311904907e-01
7.619119435548782349e-02
1.799404621124267578e-03
5.058574676513671875e-02
-4.050474963150918484e-04
-1.217014901340007782e-02
1.071846857666969299e-01
9.188947081565856934e-02
1.124919205904006958e-02
-8.433939516544342041e-02
-1.092398166656494141e-01
-7.204212713986635208e-03
-1.097607240080833435e-02
-3.952727094292640686e-02
2.751002311706542969e-01
-9.199772030115127563e-02
-6.858543306589126587e-02
-1.118865050375461578e-02
3.319444954395294189e-01
-7.660877704620361328e-02
-2.712081559002399445e-02
1.550587564706802368e-01
5.142292007803916931e-02
2.125825919210910797e-02
1.097940467298030853e-02
2.792601883411407471e-01
-1.176615208387374878e-01
-2.238466031849384308e-02
9.392158128321170807e-03
-1.783821149729192257e-03
5.573178641498088837e-03
5.552635062485933304e-03
-1.333252191543579102e-01
2.989466488361358643e-01
-2.622244693338871002e-02
4.185036122798919678e-01
3.201257437467575073e-02
-2.022678777575492859e-02
1.878343969583511353e-01
6.228319928050041199e-02
1.439535152167081833e-02
1.446126699447631836e-01
4.723181575536727905e-02
7.333201915025711060e-02
2.062644809484481812e-01
-4.768230020999908447e-02
7.371970266103744507e-02
7.481660246849060059e-01
-7.611629553139209747e-03
-4.952434450387954712e-03
1.850325018167495728e-01
-8.159898221492767334e-02
-3.294211253523826599e-02
2.008750848472118378e-02
3.985827863216400146e-01
1.556614935398101807e-01
-5.938810482621192932e-02
7.324821501970291138e-02
-7.364956289529800415e-02
-4.952386021614074707e-03
-2.053158916532993317e-02
3.631880506873130798e-02
1.920354515314102173e-01
3.842173377051949501e-03
