-1.367760151624679565e-01
-2.218399941921234131e-02
-7.837635278701782227e-02
-1.849667131900787354e-01
3.155035432428121567e-03
2.899507246911525726e-02
-4.017442464828491211e-02
-2.284731715917587280e-02
1.674920693039894104e-02
6.059268343960866332e-05
7.312205154448747635e-03
-4.989006556570529938e-03
-1.002411008812487125e-03
-1.834651082754135132e-02
7.929408550262451172e-02
-1.941718310117721558e-01
-4.080598801374435425e-02
5.732655897736549377e-02
7.433024235069751740e-03
-2.435079542919993401e-03
1.771107129752635956e-02
-3.064145334064960480e-02
-4.935233294963836670e-02
-2.081426046788692474e-02
2.042430453002452850e-02
-7.191020995378494263e-02
-2.071353374049067497e-04
-5.107215419411659241e-02
-8.891794830560684204e-03
1.697050593793392181e-02
5.423652473837137222e-03
-3.323988756164908409e-03
-1.209744368679821491e-03
6.852354109287261963e-02
-3.446219116449356079e-02
-1.803184859454631805e-02
2.993641048669815063e-02
-1.814732886850833893e-02
-3.703320026397705078e-02
2.758958935737609863e-02
-7.485044747591018677e-02
-3.129765763878822327e-02
5.582647398114204407e-02
6.681737955659627914e-03
1.767425611615180969e-02
1.901232823729515076e-02
-1.561238467693328857e-01
-3.894273564219474792e-02
3.612516913563013077e-03
-5.101659521460533142e-02
-2.688736841082572937e-02
-7.205086760222911835e-03
-2.459573745727539062e-02
-9.441585862077772617e-04
-1.353767421096563339e-02
4.729620367288589478e-02
-4.548699036240577698e-02
8.859051764011383057e-02
-7.562403567135334015e-03
2.657512575387954712e-02
-4.602113738656044006e-02
-2.449934743344783783e-02
9.794420562684535980e-03
-6.365074217319488525e-02
-1.063706912100315094e-02
-1.281451582908630371e-01
-1.502383220940828323e-02
1.405540704727172852e-01
-6.072428449988365173e-02
9.634835273027420044e-02
4.745292663574218750e-02
9.051579399965703487e-04
5.962377181276679039e-04
2.249217964708805084e-02
-2.268072403967380524e-02
5.734049528837203979e-02
-2.708058804273605347e-02
-5.396268516778945923e-02
-7.107992656528949738e-03
2.360352128744125366e-02
-4.668693989515304565e-02
6.723140832036733627e-03
-2.380351349711418152e-02
-9.418451227247714996e-03
2.977491728961467743e-02
8.754119277000427246e-03
-1.093208976089954376e-02
-3.994769603013992310e-02
1.148742903023958206e-02
-3.458667173981666565e-02
2.017338201403617859e-02
2.292640320956707001e-02
-8.032178133726119995e-02
-2.970515564084053040e-02
4.007233306765556335e-02
1.148456111550331116e-01
-1.752339676022529602e-02
-3.373473137617111206e-02
-8.365134894847869873e-02
-3.600518777966499329e-02
1.323426142334938049e-03
-6.578946113586425781e-02
1.169553797808475792e-04
2.590323798358440399e-02
7.669677957892417908e-03
-7.067815214395523071e-02
2.862828038632869720e-02
-1.382587701082229614e-01
-4.598046466708183289e-02
-4.526930395513772964e-03
-1.120525598526000977e-01
4.586864635348320007e-02
-1.194312348961830139e-01
-2.937231212854385376e-02
1.667660195380449295e-03
-2.712266985327005386e-03
6.170027330517768860e-02
-3.748015314340591431e-02
7.513774186372756958e-02
-1.447257678955793381e-02
6.375453621149063110e-02
1.905189128592610359e-03
-1.782213919796049595e-03
-2.019053511321544647e-02
1.524800956249237061e-01
-1.197350397706031799e-02
-1.217437759041786194e-01
3.303455561399459839e-02
-2.103662304580211639e-02
-5.442299414426088333e-03
-1.061232164502143860e-01
-9.291892871260643005e-03
1.209110673516988754e-02
1.057569682598114014e-02
-2.976899407804012299e-02
-1.350458152592182159e-02
-1.964446902275085449e-02
-1.704057864844799042e-02
8.172430098056793213e-03
-1.575283333659172058e-02
8.273527026176452637e-03
-3.525337204337120056e-02
-1.129749789834022522e-02
-7.754162698984146118e-02
-9.725451469421386719e-02
-7.243367377668619156e-03
5.354689806699752808e-02
-9.353628009557723999e-02
2.538075670599937439e-02
-2.431370690464973450e-02
1.396182645112276077e-02
-6.715408526360988617e-04
7.752423733472824097e-02
-5.402129143476486206e-03
-2.415207773447036743e-02
-2.813326567411422729e-02
-7.001341134309768677e-02
-6.565435975790023804e-02
-5.567300599068403244e-03
-8.629091084003448486e-02
-8.436644822359085083e-02
-5.858121067285537720e-02
-3.253136994317173958e-03
-3.337842598557472229e-02
5.265179648995399475e-02
1.387800369411706924e-02
-5.013549327850341797e-02
-2.801763638854026794e-02
-5.664060264825820923e-02
5.655331164598464966e-02
-1.915902085602283478e-02
-8.148142695426940918e-02
-7.432629168033599854e-02
-9.769545495510101318e-02
-2.022663503885269165e-02
1.440146705135703087e-03
3.175558149814605713e-02
3.298237174749374390e-02
1.800564303994178772e-02
1.433910578489303589e-01
-5.006366223096847534e-02
-2.825195342302322388e-02
-1.066946014761924744e-01
-5.713187158107757568e-02
-1.004127413034439087e-01
-2.162708342075347900e-02
2.917957725003361702e-03
-5.875898152589797974e-02
6.467394530773162842e-02
6.385467946529388428e-02
-1.772009767591953278e-03
-2.553400211036205292e-02
5.168077349662780762e-02
1.877960981801152229e-03
-7.241829484701156616e-02
1.518360245972871780e-02
-7.508569210767745972e-02
-9.090219438076019287e-02
1.966560259461402893e-02
-6.304414570331573486e-02
3.972903266549110413e-02
3.344956785440444946e-02
-1.678431220352649689e-02
6.340105552226305008e-03
-1.134403888136148453e-02
-1.094337087124586105e-02
2.908521145582199097e-02
-1.030139923095703125e-01
-5.973183736205101013e-02
-1.141381170600652695e-02
-9.553858637809753418e-02
-4.219147376716136932e-03
-7.399830222129821777e-02
-3.958266600966453552e-02
-3.119897842407226562e-02
3.492806106805801392e-02
7.660517003387212753e-03
7.508874405175447464e-03
1.609320379793643951e-02
-5.593669041991233826e-02
4.075784981250762939e-02
-1.306117977946996689e-03
-4.585685953497886658e-02
1.191235333681106567e-02
5.406209081411361694e-02
6.659021228551864624e-02
-2.190460637211799622e-02
-5.784697365015745163e-03
-6.937751546502113342e-03
1.475422643125057220e-02
-1.194138824939727783e-01
2.440176345407962799e-02
-1.534488983452320099e-02
-2.575984923169016838e-03
-2.337873727083206177e-02
1.369150634855031967e-02
-8.924708701670169830e-03
-4.150691255927085876e-02
-9.192442893981933594e-02
3.906583040952682495e-02
2.763050608336925507e-03
-2.218700759112834930e-02
4.342114552855491638e-03
2.496598847210407257e-02
-3.002214804291725159e-02
-3.657346963882446289e-02
3.182328538969159126e-03
-1.187149342149496078e-02
-7.529338356107473373e-03
-2.099686302244663239e-03
8.228433877229690552e-02
2.129016816616058350e-02
3.212375938892364502e-02
-4.075516387820243835e-02
-7.017136365175247192e-02
-6.558902561664581299e-02
-3.326141741126775742e-03
1.173805538564920425e-02
-1.126591935753822327e-01
2.351431408897042274e-03
-4.600713402032852173e-02
6.573148071765899658e-02
-5.334469676017761230e-02
3.327143145725131035e-03
1.280899811536073685e-02
-4.707661643624305725e-02
6.974478811025619507e-02
-2.415150403976440430e-02
-8.758886158466339111e-02
-2.282368205487728119e-02
7.639952003955841064e-03
-1.143163070082664490e-02
-4.241531342267990112e-02
8.871083264239132404e-04
6.684128195047378540e-02
1.282724291086196899e-01
-1.328861564397811890e-01
-6.924133747816085815e-02
-3.269769251346588135e-02
-2.921952679753303528e-02
-7.887119799852371216e-02
-1.081049069762229919e-02
-5.544817447662353516e-02
-2.845384180545806885e-02
1.733685843646526337e-02
-4.498947784304618835e-02
-1.753719896078109741e-02
2.628522925078868866e-04
-1.197538105770945549e-03
-2.850552089512348175e-02
9.436853229999542236e-02
-3.978040814399719238e-02
4.905650857836008072e-03
-4.792549461126327515e-02
2.126804366707801819e-02
4.804565571248531342e-03
5.612771958112716675e-02
-3.593843430280685425e-02
-7.046988606452941895e-02
-5.336129665374755859e-02
-6.425992399454116821e-02
-3.924170508980751038e-03
1.166259683668613434e-02
7.716427557170391083e-03
1.404072158038616180e-03
5.437308549880981445e-02
-9.984981268644332886e-03
-6.272055953741073608e-02
6.421503610908985138e-03
-1.322152651846408844e-02
3.527093678712844849e-02
-4.047270119190216064e-02
-4.598496854305267334e-02
1.044489722698926926e-02
-2.012501470744609833e-02
2.366249635815620422e-02
9.873718954622745514e-03
2.640161104500293732e-02
-7.246601581573486328e-02
-8.097188547253608704e-03
-2.597372606396675110e-02
-7.269957661628723145e-02
6.335527170449495316e-03
-5.411647260189056396e-02
1.100987009704113007e-02
-4.799953848123550415e-02
-6.387903541326522827e-02
-2.510088309645652771e-02
-8.316077291965484619e-04
-4.341348074376583099e-03
-1.891632191836833954e-02
-2.945834212005138397e-02
-5.257186945527791977e-03
3.741993010044097900e-02
-7.144989073276519775e-02
1.211703848093748093e-02
-7.256025075912475586e-02
-3.550536930561065674e-02
5.832438915967941284e-02
-2.759437821805477142e-02
-9.556712582707405090e-03
-4.272615909576416016e-02
-3.507529571652412415e-02
-1.131324768066406250e-01
-6.870453059673309326e-02
2.747669583186507225e-03
-4.166749119758605957e-02
-7.167171686887741089e-02
-2.732123248279094696e-02
2.016559429466724396e-02
-6.285110022872686386e-03
2.705464884638786316e-02
5.727735534310340881e-02
-1.036442443728446960e-01
-1.438208855688571930e-02
1.317449845373630524e-02
-1.428825855255126953e-01
-2.210551314055919647e-02
2.213864773511886597e-02
-1.361391413956880569e-02
4.542227089405059814e-02
-6.143262144178152084e-03
-7.594130933284759521e-02
-3.074342384934425354e-02
1.328922458924353123e-03
4.378934949636459351e-02
8.886525034904479980e-02
7.473174482583999634e-02
-5.633981345454230905e-05
-7.296556234359741211e-02
-4.981099627912044525e-03
4.178414121270179749e-02
-4.988159239292144775e-02
-4.428448900580406189e-02
7.756545394659042358e-02
-6.328221876174211502e-03
-2.777921408414840698e-02
-6.463694572448730469e-02
-1.132282335311174393e-02
-1.398435141891241074e-02
1.562255155295133591e-02
1.320024719461798668e-03
7.548853009939193726e-02
-4.652168136090040207e-03
-2.130591869354248047e-02
-1.695145480334758759e-02
3.722612047567963600e-03
-8.113648742437362671e-02
-2.698544785380363464e-02
-5.252659320831298828e-02
5.809624493122100830e-02
8.693689480423927307e-03
-5.342269316315650940e-02
-6.663072854280471802e-02
-2.368881553411483765e-02
-1.863343827426433563e-02
5.490546673536300659e-02
-1.075641531497240067e-02
-3.479408100247383118e-02
4.580295830965042114e-02
-8.422558754682540894e-02
-8.769047446548938751e-03
-2.242989279329776764e-02
5.656302673742175102e-04
-1.255859527736902237e-02
-2.967898501083254814e-03
5.285329371690750122e-02
-1.953189261257648468e-03
2.375183440744876862e-02
-7.192672695964574814e-03
3.241917490959167480e-02
-3.264070674777030945e-02
-6.417717039585113525e-02
-2.982619591057300568e-02
1.586868194863200188e-03
1.800546189770102501e-03
-8.201740682125091553e-03
-8.845952339470386505e-03
9.837846457958221436e-02
-9.972592815756797791e-03
-1.025712266564369202e-01
-1.054226160049438477e-01
-1.028845831751823425e-02
-4.385083448141813278e-03
-4.019502922892570496e-02
-7.147751748561859131e-02
-1.282223220914602280e-02
-2.234986051917076111e-03
6.821520160883665085e-03
-6.549368798732757568e-02
-5.830426234751939774e-03
-1.540277432650327682e-02
1.312805246561765671e-02
-2.673036605119705200e-02
9.688996709883213043e-03
1.970792887732386589e-03
-5.477019026875495911e-02
1.395586412400007248e-02
4.506496340036392212e-02
6.006363034248352051e-02
-3.504479769617319107e-03
-2.437060698866844177e-02
-1.147319972515106201e-01
8.316531777381896973e-03
9.394092112779617310e-02
-5.809448286890983582e-02
2.062157168984413147e-02
5.108623951673507690e-02
1.988225802779197693e-02
-3.326634690165519714e-02
-2.793714776635169983e-02
3.675097599625587463e-02
2.763447584584355354e-03
1.692946534603834152e-03
-1.088197994977235794e-02
-3.160463273525238037e-02
-7.502403110265731812e-02
5.900392774492502213e-03
5.612784530967473984e-03
-1.142209917306900024e-01
-2.917215228080749512e-02
2.467260695993900299e-03
4.244821891188621521e-02
-1.087097916752099991e-02
-7.543191313743591309e-02
2.973423153162002563e-02
-1.016677021980285645e-01
-3.410031273961067200e-02
-2.388974837958812714e-02
-2.813337743282318115e-02
-1.187267992645502090e-02
-8.849518001079559326e-02
-2.332736924290657043e-02
1.468744245357811451e-03
-3.711936762556433678e-03
-1.115254126489162445e-03
-3.834348171949386597e-02
6.779707036912441254e-03
-1.016896367073059082e-01
7.234202325344085693e-02
7.209295779466629028e-02
7.423106580972671509e-02
-4.322750866413116455e-02
-3.758356347680091858e-02
1.060984330251812935e-03
-2.022352442145347595e-02
-3.290518000721931458e-02
-1.643283665180206299e-01
-5.650913342833518982e-02
-5.848084110766649246e-04
-7.248866558074951172e-02
2.966742962598800659e-02
4.382551182061433792e-03
-2.345373034477233887e-01
-2.327210456132888794e-02
1.704069226980209351e-02
-1.798269920982420444e-03
2.613568119704723358e-02
-7.277471013367176056e-03
-5.354912206530570984e-02
-3.086897777393460274e-03
-3.673733212053775787e-03
4.869616404175758362e-02
2.662684395909309387e-02
1.415371522307395935e-02
-2.789081074297428131e-02
4.777384456247091293e-03
-6.245964672416448593e-03
1.515208557248115540e-02
4.424309823662042618e-03
-1.164536401629447937e-01
-1.350355218164622784e-03
-2.821358293294906616e-02
5.462701991200447083e-02
1.074166968464851379e-01
4.847508389502763748e-03
2.736159041523933411e-02
-1.315091829746961594e-02
1.810436137020587921e-02
-2.615266852080821991e-02
5.092208459973335266e-02
1.063696946948766708e-02
7.059188932180404663e-02
5.741673707962036133e-02
-9.210651624016463757e-04
-2.635037153959274292e-02
7.668488472700119019e-02
2.835533116012811661e-03
-4.196443408727645874e-02
-2.259207330644130707e-02
5.173854529857635498e-02
-1.201458200812339783e-01
-5.065828096121549606e-03
-1.301562320441007614e-02
-1.932409359142184258e-03
5.607581883668899536e-02
5.245938897132873535e-02
-6.910581886768341064e-02
2.827375661581754684e-03
-9.363170713186264038e-02
-1.362401340156793594e-02
-6.854005903005599976e-02
-5.384539440274238586e-02
-1.219712719321250916e-01
8.106820285320281982e-03
-4.204129055142402649e-02
3.014569729566574097e-02
2.811487764120101929e-03
4.822945222258567810e-03
-9.774123877286911011e-02
-7.437469065189361572e-02
-3.342144563794136047e-02
-1.174494903534650803e-02
-2.225923724472522736e-02
-9.411226212978363037e-02
-3.351561725139617920e-02
-2.348514087498188019e-02
2.080984041094779968e-02
-5.859916564077138901e-03
7.088745478540658951e-03
6.430023908615112305e-02
-4.444228857755661011e-02
1.931865513324737549e-02
9.937332011759281158e-03
2.669346053153276443e-03
5.159625038504600525e-02
-1.644663885235786438e-02
-2.642236649990081787e-02
-4.901150986552238464e-02
-2.320626191794872284e-02
-2.697467990219593048e-02
9.055264294147491455e-02
-2.248555421829223633e-03
-2.989158034324645996e-03
-9.682289673946797848e-04
-9.852814674377441406e-02
-2.527402341365814209e-02
-6.043713912367820740e-02
-3.563551977276802063e-02
-1.074225232005119324e-01
-5.626317858695983887e-02
4.087395593523979187e-02
-2.554323151707649231e-02
-3.291920945048332214e-02
5.808925256133079529e-03
-3.308476135134696960e-02
1.845398917794227600e-02
1.459003891795873642e-03
-3.474465757608413696e-02
-1.540011912584304810e-02
-1.733212471008300781e-01
-5.811567604541778564e-02
-5.833010189235210419e-03
-9.339130483567714691e-03
-5.250525660812854767e-03
-7.667970377951860428e-03
-1.359806582331657410e-02
6.976757198572158813e-02
-2.137417905032634735e-02
1.403582282364368439e-03
-5.995491147041320801e-02
-5.705335177481174469e-03
7.865898078307509422e-04
-2.488653734326362610e-02
-1.567807421088218689e-02
-9.128079749643802643e-03
1.088530290871858597e-02
-2.148580679204314947e-04
-1.000013761222362518e-02
-7.420541346073150635e-02
-5.347849801182746887e-03
-1.373878796584904194e-03
1.889365375973284245e-03
7.006238400936126709e-02
1.062059123069047928e-02
4.483458586037158966e-03
-1.317704170942306519e-01
-3.062603995203971863e-02
-1.978904940187931061e-03
-4.433024674654006958e-03
1.806688494980335236e-02
-1.995417755097150803e-03
-3.243009373545646667e-02
-5.433476343750953674e-02
2.073115669190883636e-02
-3.647878766059875488e-02
-1.838712580502033234e-02
-7.863699458539485931e-03
4.475498944520950317e-02
7.348139304667711258e-03
-1.875124312937259674e-02
5.567816644906997681e-02
8.710670471191406250e-02
1.668669655919075012e-02
-8.616572013124823570e-04
6.865630298852920532e-02
7.234708964824676514e-02
-3.296438371762633324e-03
-1.180816534906625748e-02
-1.231240853667259216e-02
7.588162086904048920e-03
-2.748820115812122822e-04
-2.204575948417186737e-02
3.748421370983123779e-02
2.275391295552253723e-02
-1.528269425034523010e-02
4.109622910618782043e-02
-1.121665686368942261e-01
-1.928106136620044708e-02
4.658183315768837929e-04
3.552373126149177551e-02
4.976752679795026779e-03
-3.104266338050365448e-02
1.160581931471824646e-01
-5.142918974161148071e-02
-6.103179231286048889e-02
8.086581365205347538e-04
-7.077102363109588623e-02
1.106274127960205078e-02
-3.628136962652206421e-02
3.682501241564750671e-02
1.695921411737799644e-03
-6.977613549679517746e-03
-1.343057304620742798e-01
-6.599600613117218018e-02
3.964369371533393860e-02
-1.176230609416961670e-02
-7.047569006681442261e-02
-8.649488538503646851e-02
2.857395261526107788e-02
-2.062316425144672394e-02
-5.226606130599975586e-02
-8.234268054366111755e-03
-2.307012677192687988e-02
-2.635604888200759888e-02
-4.596008453518152237e-03
-3.243037685751914978e-02
4.151530563831329346e-03
-2.387351915240287781e-02
5.783631466329097748e-03
-5.125353112816810608e-02
-1.276694051921367645e-02
-6.472685188055038452e-02
-2.167884819209575653e-02
-4.400968551635742188e-02
-6.639330182224512100e-03
-1.219131145626306534e-02
-4.083694145083427429e-02
-4.603772982954978943e-02
-6.553120166063308716e-02
-8.541809767484664917e-02
2.676642313599586487e-02
-1.405925303697586060e-02
-3.467293223366141319e-03
-5.799321457743644714e-02
1.188160851597785950e-02
-3.766782954335212708e-02
-1.747749373316764832e-02
-1.537595838308334351e-01
-9.076935797929763794e-02
-8.831208944320678711e-02
3.502183035016059875e-02
1.589616388082504272e-02
-2.642861008644104004e-02
-4.775511845946311951e-02
7.621591538190841675e-02
1.933512650430202484e-02
-8.297041058540344238e-02
-8.045680820941925049e-02
-1.746051758527755737e-02
1.673120446503162384e-02
-7.279492169618606567e-02
2.665747702121734619e-02
3.667407855391502380e-02
6.077583413571119308e-03
2.276708604767918587e-03
-2.003135345876216888e-02
3.504886478185653687e-02
-2.591240964829921722e-02
-2.477722428739070892e-02
-1.051898375153541565e-01
1.161691397428512573e-01
-2.442113123834133148e-02
1.960354670882225037e-02
-8.480479940772056580e-03
4.233267623931169510e-03
-3.153206780552864075e-02
-1.893744803965091705e-02
-4.691836610436439514e-02
1.616060920059680939e-02
3.234782442450523376e-02
4.329994320869445801e-03
-3.034546598792076111e-02
1.839791610836982727e-02
-4.134254995733499527e-03
-1.106462813913822174e-02
-8.751048892736434937e-02
-1.007070415653288364e-03
-3.332423046231269836e-03
3.913596272468566895e-02
1.000947728753089905e-01
-3.459548950195312500e-02
-3.232815489172935486e-02
-2.185763046145439148e-02
2.656525757629424334e-04
-3.206965699791908264e-02
-5.856182053685188293e-02
-3.517344966530799866e-02
-2.311357855796813965e-02
3.022569417953491211e-02
-7.119499146938323975e-02
-5.056072404840961099e-05
-1.037275344133377075e-01
9.246601164340972900e-02
-4.671629518270492554e-02
-1.281752157956361771e-02
-2.405138313770294189e-02
-2.491333708167076111e-02
-4.912931099534034729e-02
-3.230394795536994934e-02
1.501443237066268921e-02
2.190271019935607910e-02
5.908378213644027710e-02
-9.845645399764180183e-04
8.230919390916824341e-02
-1.240792451426386833e-03
3.574535995721817017e-02
-2.463718131184577942e-02
1.727948151528835297e-02
-7.662482559680938721e-02
-2.934082597494125366e-02
-4.109658300876617432e-02
5.223088432103395462e-03
6.940518319606781006e-02
-9.328911453485488892e-02
-8.900984539650380611e-04
-3.775432333350181580e-02
-2.643002755939960480e-02
-1.645873673260211945e-02
-5.559904966503381729e-03
4.069170914590358734e-03
-3.138335421681404114e-03
-4.220636328682303429e-04
2.396126650273799896e-02
-5.182440578937530518e-02
2.274188771843910217e-02
-3.130142018198966980e-02
-4.611649736762046814e-02
-1.148896887898445129e-01
-3.072389960289001465e-02
-1.133987493813037872e-02
1.568117178976535797e-03
2.311791479587554932e-02
1.405652519315481186e-02
-3.504030033946037292e-02
-1.482488494366407394e-02
9.742680005729198456e-03
6.737084127962589264e-03
-4.760580882430076599e-02
1.151180709712207317e-03
-1.859936304390430450e-02
-2.778459899127483368e-02
-4.215841367840766907e-02
2.125933393836021423e-02
6.934113055467605591e-02
-1.611220464110374451e-02
-5.751132592558860779e-02
-2.440893836319446564e-02
2.878794446587562561e-02
7.857436314225196838e-03
-8.252888172864913940e-02
-2.294297888875007629e-02
-2.775293961167335510e-02
-2.392526157200336456e-02
-7.497952133417129517e-02
9.632077999413013458e-03
1.042827265337109566e-03
3.821310400962829590e-02
-4.771148785948753357e-02
3.509256243705749512e-02
-2.510083839297294617e-02
-2.113318257033824921e-02
2.613438852131366730e-02
6.701228022575378418e-02
1.190062239766120911e-02
-2.915197052061557770e-02
1.404810976237058640e-02
1.811784692108631134e-02
-1.666792780160903931e-01
-2.170120738446712494e-02
-5.685288459062576294e-02
-1.762296557426452637e-01
1.220455206930637360e-02
7.272439543157815933e-03
5.739239975810050964e-02
-3.402179107069969177e-02
-4.820680245757102966e-03
4.730784520506858826e-02
-6.667564064264297485e-02
3.463337570428848267e-02
-1.668636500835418701e-01
-1.643175957724452019e-03
4.957435652613639832e-02
7.364695891737937927e-03
-5.039378255605697632e-02
-1.032880470156669617e-01
-1.399018913507461548e-01
1.229236349463462830e-01
-4.550281912088394165e-02
8.637269958853721619e-03
1.076664030551910400e-01
-3.449957817792892456e-02
-1.045381464064121246e-02
-9.371503256261348724e-03
-1.202754080295562744e-01
1.345846895128488541e-02
1.749892905354499817e-02
2.449298091232776642e-02
-1.175031363964080811e-01
1.935995742678642273e-02
1.164719462394714355e-01
-1.141071226447820663e-02
-7.661566138267517090e-02
-3.035193495452404022e-02
4.625894501805305481e-02
2.933202544227242470e-03
-5.872113257646560669e-02
-2.864067442715167999e-02
-3.829346969723701477e-02
-1.489835418760776520e-02
4.140116740018129349e-03
-9.703995659947395325e-03
5.694871768355369568e-03
-4.130886122584342957e-02
3.911577630788087845e-03
1.289217360317707062e-02
-2.520255371928215027e-02
-2.715323492884635925e-02
-1.872006244957447052e-02
1.336092799901962280e-01
-5.421553552150726318e-02
-3.212308511137962341e-02
-5.542872473597526550e-02
-7.041246443986892700e-02
-3.621806204319000244e-02
3.638070449233055115e-02
-1.148790773004293442e-02
-9.288811706937849522e-04
4.660344496369361877e-02
-2.214470133185386658e-02
4.384009540081024170e-02
3.817387670278549194e-02
-5.170256830751895905e-03
2.243072167038917542e-02
-8.069915324449539185e-02
2.124715410172939301e-02
-8.060170337557792664e-03
-3.903424367308616638e-02
6.708492059260606766e-03
3.161393851041793823e-02
-6.849239766597747803e-02
-5.341016128659248352e-02
-1.954694278538227081e-02
2.543446049094200134e-02
2.760692499577999115e-02
4.005935788154602051e-02
6.440933328121900558e-03
-3.584018722176551819e-02
-5.171474069356918335e-03
5.800152197480201721e-03
-5.061495676636695862e-02
-3.693296574056148529e-03
8.034101687371730804e-03
-1.278767641633749008e-02
-1.883491873741149902e-03
-3.655230859294533730e-03
1.796153746545314789e-02
-2.313499525189399719e-02
-8.285181224346160889e-02
-8.711250126361846924e-02
-8.237634785473346710e-03
-2.152411639690399170e-02
-1.999021321535110474e-02
7.813175022602081299e-02
3.295533359050750732e-02
-1.188592799007892609e-02
-2.546267956495285034e-02
-6.815940886735916138e-02
1.980213075876235962e-02
8.396079763770103455e-03
2.116580493748188019e-03
-6.093564908951520920e-03
-4.313919693231582642e-02
-4.758134484291076660e-03
6.730756163597106934e-02
-1.646413281559944153e-02
8.872053027153015137e-02
-2.912555076181888580e-02
-3.802944440394639969e-03
4.419589415192604065e-02
-2.743461634963750839e-03
-4.967325553297996521e-02
-7.073149085044860840e-02
-9.144319221377372742e-03
-8.136579394340515137e-02
-8.747449517250061035e-02
2.220049127936363220e-02
-3.262423351407051086e-02
3.997346013784408569e-02
-6.669806316494941711e-03
-2.709941007196903229e-02
1.614856719970703125e-02
7.182751316577196121e-03
-6.073394417762756348e-02
-3.851924464106559753e-02
-4.180482029914855957e-02
-3.794383630156517029e-02
-5.492859333753585815e-02
-9.377531707286834717e-03
-6.125136837363243103e-02
-6.261910498142242432e-02
-7.117251306772232056e-02
-6.240829825401306152e-02
-4.225241765379905701e-02
3.608200326561927795e-02
-6.600624322891235352e-02
-9.094765782356262207e-02
-7.710270117968320847e-03
-4.267858341336250305e-02
-1.323415637016296387e-01
-3.125270828604698181e-02
1.810709200799465179e-02
-4.520879592746496201e-03
2.886394038796424866e-03
-1.035557594150304794e-02
-2.607658505439758301e-02
7.722076959908008575e-03
-1.420652568340301514e-01
-3.914713859558105469e-02
-6.254587206058204174e-04
-9.676530316937714815e-05
1.000672485679388046e-02
-1.974936015903949738e-02
9.711507707834243774e-03
-7.345268130302429199e-02
-4.815373569726943970e-02
-1.364140026271343231e-02
-2.940704859793186188e-02
-5.827422440052032471e-02
-7.619495503604412079e-03
-8.944272994995117188e-03
-3.109235689043998718e-02
1.385208219289779663e-02
-5.069721490144729614e-02
-3.753407299518585205e-02
-3.151855431497097015e-03
3.027672879397869110e-02
8.147806860506534576e-03
5.958780180662870407e-03
-9.490171819925308228e-02
