-1.707277074456214905e-02
-1.297206245362758636e-02
1.031603477895259857e-02
-2.453000284731388092e-02
3.371367231011390686e-02
4.684688989073038101e-03
-6.277863681316375732e-02
1.737772077322006226e-01
1.480886153876781464e-02
-9.914765832945704460e-04
1.478310115635395050e-02
8.835458196699619293e-03
1.354297995567321777e-02
1.756933704018592834e-02
-3.319140756502747536e-03
1.469379058107733727e-03
7.030292600393295288e-02
1.469316631555557251e-01
3.117682412266731262e-02
1.751058548688888550e-01
-1.912549138069152832e-02
1.543740089982748032e-02
7.976306951604783535e-04
-5.087436642497777939e-03
-1.838568248786032200e-03
3.859184309840202332e-02
5.166892707347869873e-02
6.199662014842033386e-02
2.933504991233348846e-02
4.913060739636421204e-02
4.498459026217460632e-02
-5.277658347040414810e-03
1.862184405326843262e-01
2.954711206257343292e-02
4.657937213778495789e-02
4.828104283660650253e-03
-2.069290354847908020e-02
1.187406107783317566e-02
-4.817600920796394348e-02
5.415908992290496826e-02
1.255478244274854660e-03
2.632248401641845703e-02
-2.208158839493989944e-03
4.798851534724235535e-02
-6.062856409698724747e-04
-1.635774737223982811e-03
4.896385595202445984e-02
5.418018624186515808e-02
7.105078548192977905e-02
3.365139290690422058e-02
2.238180860877037048e-02
-3.070665150880813599e-02
8.477003872394561768e-02
5.357120186090469360e-02
4.788860678672790527e-02
1.392566263675689697e-01
5.133456736803054810e-02
3.098194859921932220e-02
-2.766872523352503777e-03
7.016056217253208160e-03
9.841718524694442749e-02
7.567179948091506958e-02
-6.025050301104784012e-03
1.573946326971054077e-03
-2.128595020622014999e-03
-1.641288585960865021e-02
1.763646118342876434e-02
1.145463287830352783e-01
1.183824986219406128e-01
1.130606047809123993e-02
-2.967105014249682426e-03
-4.512008279561996460e-03
-6.022396497428417206e-03
3.433264419436454773e-02
1.116153597831726074e-02
3.829062357544898987e-02
-1.219554897397756577e-02
6.248213350772857666e-03
6.229978054761886597e-02
-1.327706151641905308e-03
3.217640519142150879e-02
9.210953116416931152e-02
9.777764230966567993e-02
3.822406753897666931e-02
-1.085988595150411129e-03
1.369398385286331177e-01
1.772102084942162037e-03
5.556678399443626404e-03
1.317062377929687500e-01
-1.956081949174404144e-03
3.438046202063560486e-03
-1.769632659852504730e-02
-1.802755519747734070e-03
5.191182717680931091e-02
-3.578490391373634338e-02
3.311536565888673067e-04
-3.564849263057112694e-03
-1.120606809854507446e-02
-8.581388741731643677e-03
-1.708181202411651611e-02
3.966997936367988586e-02
3.326205909252166748e-02
-2.152622118592262268e-02
6.163109466433525085e-02
1.018552035093307495e-01
-3.478530794382095337e-03
1.342490897513926029e-03
6.369599699974060059e-02
-1.378651615232229233e-02
4.658415541052818298e-02
2.254896610975265503e-02
4.500573035329580307e-03
-1.493887044489383698e-03
3.756772354245185852e-02
1.398406326770782471e-01
-1.910471729934215546e-02
1.401062905788421631e-01
-5.110459867864847183e-03
1.572100445628166199e-03
-2.228692639619112015e-03
2.882598154246807098e-02
-4.729268606752157211e-03
7.568484544754028320e-02
-7.586101070046424866e-03
1.192131079733371735e-02
7.440178096294403076e-02
-1.175418263301253319e-03
1.784007690730504692e-05
2.020267024636268616e-02
5.442411452531814575e-02
1.600769609212875366e-01
-4.915627092123031616e-02
3.279793635010719299e-02
6.979202479124069214e-02
1.187835335731506348e-01
2.483476698398590088e-02
3.635851293802261353e-02
2.934076474048197269e-04
-2.112464047968387604e-03
-2.691903151571750641e-02
4.633670672774314880e-02
7.860988378524780273e-02
-4.263944574631750584e-04
8.239660412073135376e-03
4.211978986859321594e-02
-1.599701307713985443e-02
5.732875317335128784e-03
-2.034201100468635559e-02
-8.195302449166774750e-03
-2.521050162613391876e-02
7.327731698751449585e-02
1.599411666393280029e-02
8.950583636760711670e-02
-5.556371062994003296e-03
9.937901049852371216e-03
-2.341752871870994568e-02
-2.405745908617973328e-02
5.109120160341262817e-03
6.290772464126348495e-03
-3.670608857646584511e-03
4.728358983993530273e-02
1.207303907722234726e-02
5.143046751618385315e-02
4.256495833396911621e-02
1.450352557003498077e-02
-3.639439819380640984e-04
-1.647431985475122929e-03
1.641330122947692871e-02
6.487253122031688690e-03
3.988421708345413208e-02
4.489109665155410767e-02
2.873549796640872955e-02
-6.118535529822111130e-03
1.362628955394029617e-02
7.481116801500320435e-02
-1.670292578637599945e-02
-1.962189096957445145e-03
-1.114354655146598816e-02
5.330879613757133484e-02
-5.389990285038948059e-02
-4.408313333988189697e-02
-8.152266964316368103e-03
1.120905298739671707e-02
1.952261291444301605e-02
-1.425961218774318695e-02
-1.180196530185639858e-03
1.974486978724598885e-03
3.864425048232078552e-02
-1.279303571209311485e-03
1.435322780162096024e-02
-2.771175699308514595e-03
-8.649573661386966705e-03
1.895433291792869568e-02
1.709199044853448868e-03
-1.603273302316665649e-02
3.378652408719062805e-02
2.947047166526317596e-02
1.546578574925661087e-02
-2.400910668075084686e-02
-5.936118308454751968e-03
7.946886122226715088e-03
-2.496946416795253754e-02
-6.088164635002613068e-03
7.762334495782852173e-02
6.231825798749923706e-02
-4.073232877999544144e-03
6.358247995376586914e-02
-3.789179492741823196e-03
4.445730522274971008e-02
7.007166743278503418e-02
-8.450249210000038147e-03
1.061010137200355530e-01
4.787588957697153091e-03
6.357139907777309418e-03
-3.726256312802433968e-03
4.546463489532470703e-03
-1.078942231833934784e-02
1.257081478834152222e-01
7.577643264085054398e-03
2.042816206812858582e-02
6.053691264241933823e-03
2.884130692109465599e-03
1.773646026849746704e-01
5.315581336617469788e-03
5.935791414231061935e-03
-5.617369432002305984e-03
-2.266487535962369293e-05
-1.978425681591033936e-02
3.364839032292366028e-02
1.500727981328964233e-01
-2.989126835018396378e-03
2.496274374425411224e-02
1.934006623923778534e-02
2.008086442947387695e-02
2.244583331048488617e-03
5.571495369076728821e-02
8.256356418132781982e-02
5.121275316923856735e-03
7.224295288324356079e-02
1.827728301286697388e-01
5.165859311819076538e-02
-2.507852157577872276e-03
-3.594417870044708252e-02
4.394761100411415100e-02
9.679803042672574520e-04
-3.513837605714797974e-02
2.282242104411125183e-02
1.469143386930227280e-02
-1.232142094522714615e-03
1.312162168323993683e-02
3.071182221174240112e-02
7.266310276463627815e-04
1.949377730488777161e-02
3.014250844717025757e-02
9.302320890128612518e-03
-1.124241482466459274e-02
-5.401534494012594223e-03
-1.308291312307119370e-02
-1.551663735881447792e-03
2.208618633449077606e-02
9.499942883849143982e-03
5.224075168371200562e-02
5.574214830994606018e-02
-1.119350269436836243e-02
4.422893375158309937e-02
-5.788635928183794022e-03
-1.024958956986665726e-02
-8.199811913073062897e-03
4.113915562629699707e-02
-2.865442633628845215e-02
8.821525424718856812e-02
6.508331000804901123e-02
1.252575078979134560e-03
4.163238778710365295e-02
-4.317560791969299316e-02
1.009977515786886215e-02
9.510210901498794556e-02
-2.278985921293497086e-03
-8.240086026489734650e-03
2.059944719076156616e-02
-4.540167003870010376e-02
1.608112640678882599e-02
1.990215666592121124e-02
1.266085803508758545e-01
-8.275274187326431274e-03
1.355654895305633545e-01
2.144631743431091309e-01
1.194942649453878403e-02
4.674802999943494797e-03
2.591212652623653412e-02
6.691284477710723877e-02
8.385246992111206055e-02
3.669388592243194580e-02
4.456697404384613037e-02
7.827252149581909180e-02
1.406621336936950684e-01
-4.525863751769065857e-02
-7.774277590215206146e-03
2.635885030031204224e-02
5.424255505204200745e-02
9.993636049330234528e-04
6.499377638101577759e-02
2.799215959385037422e-03
2.175975032150745392e-02
2.431222237646579742e-02
-4.313092678785324097e-03
1.601460278034210205e-01
-4.795457702130079269e-03
3.117698989808559418e-02
3.942178562283515930e-02
-8.252616226673126221e-02
2.701101824641227722e-02
-2.974458038806915283e-02
1.280609220266342163e-01
9.727510041557252407e-04
-1.460029557347297668e-02
-4.263143986463546753e-03
4.892136435955762863e-03
-4.403543192893266678e-03
1.007319241762161255e-01
-9.555532014928758144e-04
-9.263315238058567047e-03
2.683375030755996704e-02
7.061255164444446564e-03
-3.501913323998451233e-02
1.052927672863006592e-01
3.295295313000679016e-02
-1.613024808466434479e-02
1.175046637654304504e-01
-4.144532606005668640e-03
-2.446065470576286316e-02
-7.893892936408519745e-03
-3.617854043841362000e-02
1.235722601413726807e-01
1.943100243806838989e-02
1.720409542322158813e-01
-2.362741623073816299e-03
2.075518481433391571e-03
-5.589445121586322784e-03
6.690031290054321289e-02
4.483218770474195480e-03
-2.763309143483638763e-02
4.298014566302299500e-02
1.113273575901985168e-01
-6.852393038570880890e-03
1.935456693172454834e-01
-1.770498603582382202e-02
6.528139114379882812e-02
3.517895936965942383e-02
-6.168916588649153709e-04
-6.351174670271575451e-04
2.108252607285976410e-02
-9.252402000129222870e-03
5.278818309307098389e-02
1.641047932207584381e-02
4.168282821774482727e-02
-2.477943198755383492e-03
1.674882173538208008e-01
-2.717539295554161072e-02
-7.909129373729228973e-03
3.929968923330307007e-02
-7.425636867992579937e-04
6.316560786217451096e-03
6.211965344846248627e-03
-6.794575601816177368e-03
6.350664794445037842e-02
-4.788141697645187378e-02
-1.625954639166593552e-03
4.444747231900691986e-03
4.348888993263244629e-02
3.658996522426605225e-02
2.325008995831012726e-02
-1.509435568004846573e-02
1.273553166538476944e-02
1.376912090927362442e-02
8.577314764261245728e-02
-6.005719769746065140e-03
3.667133860290050507e-03
5.417485907673835754e-02
7.782823406159877777e-03
2.911023609340190887e-02
-5.442894995212554932e-03
-1.287453249096870422e-02
9.420610032975673676e-03
-9.222543798387050629e-03
-1.755419303663074970e-03
1.357665061950683594e-01
3.016448114067316055e-03
6.475101411342620850e-02
4.043816402554512024e-02
6.580759305506944656e-03
2.267501205205917358e-01
6.119992211461067200e-02
-7.697842083871364594e-03
-1.215669047087430954e-02
1.024990435689687729e-02
-5.372436251491308212e-03
6.942503619939088821e-03
-2.679554000496864319e-02
1.825802028179168701e-03
1.310045868158340454e-01
3.804686013609170914e-03
3.451275080442428589e-02
-1.410851906985044479e-02
2.785293199121952057e-02
-3.161993250250816345e-02
-1.361543033272027969e-02
7.000119239091873169e-02
-4.523086361587047577e-03
-8.054581470787525177e-03
9.321787394583225250e-03
-1.402665511704981327e-03
-2.117880061268806458e-02
-1.613674312829971313e-02
6.027720496058464050e-02
-3.042694646865129471e-03
-3.100779093801975250e-02
-1.337419543415307999e-02
1.915667355060577393e-01
-1.364920870400965214e-03
1.306343674659729004e-01
2.534623444080352783e-02
6.660740822553634644e-02
2.355119772255420685e-02
-2.953181508928537369e-03
1.426849514245986938e-02
-1.869853772222995758e-02
1.773708164691925049e-01
8.962027728557586670e-02
1.991190761327743530e-02
-2.320738881826400757e-02
2.364289946854114532e-02
2.988981781527400017e-03
7.604036014527082443e-03
4.529896751046180725e-02
1.342653930187225342e-01
-2.432673424482345581e-02
8.351656049489974976e-02
-9.828169830143451691e-03
9.551551938056945801e-02
3.641372174024581909e-02
1.515088020823895931e-03
3.417762741446495056e-02
6.666924804449081421e-02
-5.094611551612615585e-03
8.492404222488403320e-02
-5.735933780670166016e-02
5.055775120854377747e-02
8.907873183488845825e-02
1.007162872701883316e-02
-3.282679617404937744e-02
9.609312983229756355e-04
-1.624789461493492126e-02
1.927638775669038296e-03
-9.078484959900379181e-03
8.199951611459255219e-03
2.111994624137878418e-01
-2.455741353332996368e-02
9.040265576913952827e-04
2.820306085050106049e-02
-3.945488482713699341e-03
-1.309863757342100143e-02
2.472038194537162781e-02
-2.657144563272595406e-03
4.969496652483940125e-02
1.080126781016588211e-02
1.100934073328971863e-01
8.330502361059188843e-02
4.554847255349159241e-02
5.883291829377412796e-03
-1.944634015671908855e-03
-1.179914921522140503e-02
-6.600082851946353912e-03
-1.661862060427665710e-02
4.539577662944793701e-02
3.898733109235763550e-02
-6.579927168786525726e-03
8.009669929742813110e-02
8.992985635995864868e-02
1.298608817160129547e-02
6.041461601853370667e-02
6.742721889168024063e-03
-3.220633603632450104e-03
-2.698572166264057159e-02
-3.918887581676244736e-03
1.149022299796342850e-02
-9.969629347324371338e-03
-4.625975620001554489e-03
2.614226937294006348e-02
1.006792485713958740e-02
7.189246360212564468e-03
2.161643933504819870e-03
1.585914194583892822e-01
2.496752329170703888e-02
-9.186976589262485504e-03
-1.967218145728111267e-02
-1.770863193087279797e-03
-3.859361633658409119e-02
-1.507068518549203873e-02
6.120202131569385529e-03
-2.670772001147270203e-02
1.712378673255443573e-02
-9.289764799177646637e-03
-1.123912185430526733e-01
3.303322568535804749e-02
-3.337255865335464478e-02
-7.927761226892471313e-02
9.788875281810760498e-02
1.033320184797048569e-02
5.315857753157615662e-02
2.676055207848548889e-02
-6.590435653924942017e-02
-1.184804085642099380e-02
2.398068457841873169e-02
-7.792019750922918320e-04
4.184767976403236389e-02
2.727353712543845177e-03
1.524949073791503906e-01
1.913284510374069214e-02
-6.756250746548175812e-03
4.749730229377746582e-02
-1.517659751698374748e-03
1.838126219809055328e-02
1.581116393208503723e-02
-2.108806185424327850e-02
6.472789216786623001e-03
1.343179756077006459e-04
4.801890812814235687e-03
4.366038739681243896e-02
-3.784146532416343689e-02
2.597505412995815277e-02
1.955237798392772675e-02
1.314858645200729370e-01
-8.681394159793853760e-03
1.942380703985691071e-02
2.432833425700664520e-03
-4.527619853615760803e-02
-6.362226605415344238e-02
-3.646362340077757835e-03
3.166506439447402954e-02
-1.892864122055470943e-03
1.407834794372320175e-02
1.434330344200134277e-01
3.318921476602554321e-02
-9.478211402893066406e-03
1.958655193448066711e-03
1.405997481197118759e-02
5.165698379278182983e-02
2.314416691660881042e-02
-8.249778300523757935e-03
-1.270586811006069183e-02
9.015242685563862324e-04
8.504893630743026733e-03
5.636847764253616333e-02
-5.316835362464189529e-03
-1.232560630887746811e-02
4.220456350594758987e-03
4.265231639146804810e-02
3.755836049094796181e-03
2.280260808765888214e-02
2.136974362656474113e-03
1.564657129347324371e-02
6.830642465502023697e-03
-1.480875257402658463e-02
-1.064281072467565536e-02
5.582363530993461609e-02
4.414294846355915070e-03
-2.620785031467676163e-03
1.817612349987030029e-01
2.928233146667480469e-02
-1.114851888269186020e-02
9.621736826375126839e-04
7.016364485025405884e-02
4.299074411392211914e-02
6.088979169726371765e-02
-2.372917719185352325e-02
-1.337255234830081463e-03
4.066143184900283813e-02
3.591380268335342407e-02
-4.219000227749347687e-03
1.461379230022430420e-02
4.301175940781831741e-03
1.476406455039978027e-01
2.339628711342811584e-02
2.580966567620635033e-03
5.823371931910514832e-02
3.061018325388431549e-02
4.366941377520561218e-02
-7.725707837380468845e-04
9.267320856451988220e-03
1.125821471214294434e-02
1.098319962620735168e-01
4.171495512127876282e-02
-2.779522351920604706e-02
1.342369429767131805e-02
1.351810693740844727e-01
3.293059766292572021e-03
-3.115399740636348724e-02
-1.461567357182502747e-03
3.419903805479407310e-06
4.751864448189735413e-02
-2.511342987418174744e-03
4.076965153217315674e-03
-8.397800847887992859e-03
3.334062546491622925e-02
7.781507074832916260e-02
9.977167472243309021e-03
2.117352746427059174e-02
1.316668000072240829e-03
6.022556219249963760e-03
1.692553423345088959e-02
2.516319230198860168e-02
-3.448062017560005188e-02
1.802700012922286987e-02
-9.350895881652832031e-03
-4.500934854149818420e-03
-5.084075499325990677e-03
1.563138142228126526e-02
1.535444259643554688e-01
-1.341213472187519073e-02
1.809558086097240448e-02
5.787000432610511780e-02
7.659409940242767334e-02
3.740933025255799294e-03
1.436524791643023491e-03
9.089423716068267822e-02
3.429782018065452576e-02
-1.294985879212617874e-03
-1.569839753210544586e-02
-6.043699104338884354e-03
1.776835136115550995e-02
-6.447382271289825439e-03
4.315696656703948975e-02
7.710376381874084473e-02
4.330810531973838806e-02
1.383771467953920364e-02
-2.424572221934795380e-02
1.771517693996429443e-01
7.176069915294647217e-02
2.266286313533782959e-02
2.209435962140560150e-02
-1.892345142550766468e-03
7.315284758806228638e-02
6.244281679391860962e-02
1.747073978185653687e-02
2.351853623986244202e-02
6.940101739019155502e-03
1.342531293630599976e-01
-3.235814720392227173e-02
3.020948171615600586e-02
1.641011098399758339e-03
1.310195922851562500e-01
-1.942153321579098701e-03
1.136881634593009949e-01
4.359724000096321106e-02
1.342949178069829941e-02
-7.725973613560199738e-03
-9.864156600087881088e-04
5.574262142181396484e-02
-8.120731450617313385e-03
6.214725598692893982e-02
6.679686158895492554e-02
8.871413767337799072e-02
6.547074764966964722e-02
-2.993110939860343933e-02
-2.876455336809158325e-02
5.341866612434387207e-02
3.363785892724990845e-02
-2.338932268321514130e-02
4.092947579920291901e-03
1.663540303707122803e-02
-1.349594793282449245e-03
8.433223702013492584e-03
2.822337299585342407e-02
-1.645099185407161713e-02
2.040825970470905304e-02
7.625300437211990356e-02
3.653748705983161926e-02
-9.320810204371809959e-04
1.112579181790351868e-02
2.756228670477867126e-02
1.560243219137191772e-02
1.068735588341951370e-02
-3.993059508502483368e-03
3.757248818874359131e-02
5.111359059810638428e-03
1.854717731475830078e-02
-5.452952906489372253e-02
-2.491467166692018509e-04
1.237544510513544083e-02
9.121410548686981201e-03
-1.011374220252037048e-02
-8.086803369224071503e-03
-3.999787848442792892e-03
1.206549815833568573e-02
-2.503329701721668243e-02
-2.068447694182395935e-02
-3.877617791295051575e-02
-6.276103202253580093e-03
-4.121703654527664185e-02
-7.470260839909315109e-03
-6.458005867898464203e-03
6.887875497341156006e-05
-1.321574556641280651e-03
2.375623770058155060e-02
-4.349669441580772400e-02
3.227287158370018005e-02
1.164704654365777969e-02
5.136045068502426147e-02
2.861448563635349274e-03
2.169233933091163635e-02
5.505669116973876953e-02
5.724066495895385742e-02
5.835118703544139862e-03
-4.545656032860279083e-03
2.075683921575546265e-01
1.510410383343696594e-02
-2.849201671779155731e-02
1.385781634598970413e-02
3.705855831503868103e-02
3.084030933678150177e-02
-1.228226069360971451e-02
-1.159411761909723282e-02
-1.208882685750722885e-02
7.230945676565170288e-02
1.102523654699325562e-01
3.114876570180058479e-03
1.293631363660097122e-02
-7.822932302951812744e-02
5.154830403625965118e-03
2.293896488845348358e-02
1.364798471331596375e-02
6.625017523765563965e-02
-1.450379006564617157e-02
-8.035897277295589447e-03
1.428716331720352173e-01
-1.910683885216712952e-02
-4.214326385408639908e-03
9.098921716213226318e-02
6.963770091533660889e-02
6.873761769384145737e-03
3.945524990558624268e-02
6.496331095695495605e-02
-4.368619993329048157e-02
9.652734547853469849e-02
2.245468460023403168e-02
1.910166740417480469e-01
-5.161948502063751221e-03
4.240035265684127808e-02
-3.535487223416566849e-03
9.693710133433341980e-03
1.129318475723266602e-01
2.851934358477592468e-02
5.605486780405044556e-02
-1.788169331848621368e-02
2.364333951845765114e-03
2.932061441242694855e-03
-1.058000978082418442e-02
-6.569011136889457703e-03
3.836222738027572632e-02
-3.060707636177539825e-02
6.172578781843185425e-03
1.443047970533370972e-01
1.446293145418167114e-01
-1.106962002813816071e-02
1.727140881121158600e-02
1.570616364479064941e-01
4.478048905730247498e-02
3.661017119884490967e-02
-1.318425033241510391e-02
-5.380708025768399239e-04
-4.263639450073242188e-02
5.334017425775527954e-02
-5.812349263578653336e-03
-5.247498862445354462e-03
1.180045586079359055e-02
9.080275776796042919e-04
2.204586053267121315e-03
4.424267634749412537e-02
5.968301743268966675e-02
-1.540109794586896896e-02
2.967582084238529205e-03
-4.824340343475341797e-02
1.459539532661437988e-01
1.500256266444921494e-02
4.005829989910125732e-02
-6.853189785033464432e-03
-9.245941415429115295e-03
-3.534212335944175720e-02
5.818487703800201416e-02
6.741299293935298920e-03
-1.938207820057868958e-02
-4.437590017914772034e-02
-8.185228332877159119e-03
1.358260982669889927e-03
1.238724775612354279e-02
8.906180970370769501e-03
3.614744171500205994e-02
2.326908521354198456e-02
-2.737651020288467407e-02
5.727371200919151306e-02
3.029083833098411560e-02
-5.995691195130348206e-02
5.411950498819351196e-02
-2.180848456919193268e-02
-3.330118954181671143e-03
-2.280815824633464217e-04
2.227507997304201126e-03
1.029084026813507080e-01
2.898695692420005798e-02
5.792041774839162827e-03
8.093069493770599365e-02
1.015762761235237122e-01
-7.509338669478893280e-03
3.501727432012557983e-02
4.603889957070350647e-02
7.526718825101852417e-02
1.273008063435554504e-03
6.611982733011245728e-02
-8.832534402608871460e-02
4.273901134729385376e-02
5.790987983345985413e-03
1.217841519974172115e-03
3.256159648299217224e-02
3.069860488176345825e-02
-5.302484333515167236e-02
-8.332202211022377014e-03
-1.002328819595277309e-03
-9.952036663889884949e-03
1.102255508303642273e-01
2.003425359725952148e-02
1.460322141647338867e-01
9.893801063299179077e-02
-4.783123731613159180e-03
-9.830660186707973480e-03
-7.304614409804344177e-03
4.588710889220237732e-02
-1.848514936864376068e-02
-1.232161559164524078e-02
-7.220192346721887589e-03
5.218825116753578186e-02
-3.724220395088195801e-02
-6.721833720803260803e-03
8.857467770576477051e-02
1.171763427555561066e-02
-5.102918948978185654e-03
1.026560217142105103e-01
1.660659909248352051e-02
-2.205185359343886375e-03
-3.263466292992234230e-03
-1.285290904343128204e-02
1.152959372848272324e-02
1.389030367136001587e-02
2.570258639752864838e-02
-7.212700322270393372e-03
-7.825991138815879822e-03
-1.604145020246505737e-02
-4.390780813992023468e-03
6.407896522432565689e-03
-2.362552471458911896e-02
5.894737783819437027e-03
1.504258215427398682e-01
-1.125861983746290207e-02
-2.008947357535362244e-02
9.200095385313034058e-02
-1.829599030315876007e-02
1.090096384286880493e-01
-1.133996900171041489e-02
7.474052906036376953e-02
-3.984853997826576233e-02
5.412247963249683380e-03
5.144753679633140564e-02
-1.837193034589290619e-03
1.233479082584381104e-01
-1.240536663681268692e-02
6.520359963178634644e-02
8.198975771665573120e-02
-4.240845155436545610e-04
4.916044697165489197e-02
3.273909911513328552e-02
1.225299984216690063e-01
1.422747154720127583e-03
-5.479321815073490143e-03
1.243542656302452087e-01
-3.296557068824768066e-02
1.045341864228248596e-01
1.589683257043361664e-02
8.915591053664684296e-03
3.066582212341018021e-05
-2.348226960748434067e-03
1.097621917724609375e-01
5.663126707077026367e-03
-3.058553114533424377e-02
1.162400934845209122e-02
-5.352686624974012375e-03
-1.770996674895286560e-02
1.622685464099049568e-03
-3.639013739302754402e-03
3.110157884657382965e-02
2.373049035668373108e-03
5.240432173013687134e-02
2.795062959194183350e-03
-9.252496995031833649e-03
1.220607478171586990e-02
1.308128796517848969e-02
8.023414015769958496e-02
-2.987539768218994141e-02
3.707534447312355042e-02
1.784158311784267426e-02
1.100271847099065781e-02
-4.958451725542545319e-03
8.043117821216583252e-03
1.173934713006019592e-02
-1.844677259214222431e-03
2.492913044989109039e-03
-3.158323466777801514e-02
1.304460763931274414e-01
4.391670599579811096e-02
-9.693418629467487335e-03
9.961462765932083130e-02
-2.834013663232326508e-03
5.177249014377593994e-02
-1.053960062563419342e-02
1.097918078303337097e-01
6.518264766782522202e-03
-1.795132644474506378e-03
3.152050077915191650e-02
3.765163198113441467e-02
1.202255636453628540e-01
1.429853681474924088e-02
-4.064650833606719971e-02
-3.261415287852287292e-02
-2.165130805224180222e-03
9.547489881515502930e-02
5.494436249136924744e-02
8.408804237842559814e-02
7.197966426610946655e-02
-4.894792567938566208e-03
-7.252725306898355484e-03
-4.793343599885702133e-03
1.073522716760635376e-01
2.761641703546047211e-02
-2.714327350258827209e-02
-7.577367126941680908e-03
-3.156699240207672119e-02
3.691891580820083618e-02
-4.795577377080917358e-02
8.347942493855953217e-03
2.062382921576499939e-02
3.284750971943140030e-03
-2.840069308876991272e-02
3.127404674887657166e-02
-3.487794473767280579e-02
-7.298537530004978180e-03
-1.221920084208250046e-02
-4.736998016596771777e-05
-1.550475601106882095e-02
-1.161358971148729324e-02
9.885724633932113647e-02
5.877331364899873734e-03
9.250782430171966553e-02
-9.185584262013435364e-03
-6.162943784147500992e-03
-6.956895347684621811e-03
5.724973604083061218e-02
6.481638643890619278e-03
4.083947092294692993e-02
1.955408370122313499e-03
1.763439364731311798e-02
6.759147346019744873e-02
-2.236733213067054749e-02
-4.852761980146169662e-03
4.574199393391609192e-02
5.462245643138885498e-02
9.283408522605895996e-02
-2.478337613865733147e-03
2.338542137295007706e-03
-5.449912976473569870e-03
1.891336590051651001e-02
9.397047013044357300e-02
2.067652996629476547e-03
-7.532404363155364990e-02
5.296661332249641418e-02
-2.108805254101753235e-02
-9.698154404759407043e-03
3.628990799188613892e-02
2.481866441667079926e-02
1.204720046371221542e-02
-1.841910928487777710e-02
3.291025385260581970e-02
-8.361477404832839966e-03
6.023320369422435760e-03
1.117443013936281204e-02
9.344064444303512573e-02
-3.294530324637889862e-03
-1.278429757803678513e-02
-6.033841520547866821e-03
-1.483234949409961700e-02
1.171562373638153076e-01
-3.718656720593571663e-03
